572074
306648
268808
472940
438840
951055
310506
245706
520829
547552
458444
491801
851373
398791
879830
261454
514228
931115
832201
105557
124151
888986
340680
448418
229510
755531
874924
743035
221492
501938
597993
795231
900268
594985
647583
786561
355772
644095
337709
573075
371372
735016
540549
963723
903276
542487
382976
213438
451570
356584
320555
817923
581253
946136
882780
311359
665955
194069
318173
797258
600477
226303
552997
295970
272267
304329
976775
673025
661044
941823
462954
940116
589169
949110
230160
181865
879281
656039
793788
354685
500285
177032
652545
980772
929453
251329
377754
172526
929191
884075
798548
838459
743622
187433
280419
753241
249558
883913
762738
158945
527741
593080
798551
475494
301427
283906
467747
640460
604982
957563
499703
833193
151389
195677
956610
429852
545205
939923
772518
263411
609476
944111
470218
841569
402786
891138
170543
732283
964568
169828
754910
941863
930623
656981
418991
721201
563504
568556
400717
402046
301436
985527
881846
243938
628987
319484
807934
767879
140476
952698
896638
873273
522939
405481
874207
586826
970182
701380
968422
779528
751276
477572
230473
970162
994573
941221
487011
172085
291101
101403
880937
520513
970635
840065
531594
454740
837624
689602
139181
158387
885492
202432
187264
631881
677605
293133
786022
906468
409348
222796
807150
174799
978218
211637
110440
741228
780834
747313
219870
737159
601116
267966
828895
762358
151317
175798
559634
262080
999187
827786
178120
855826
841836
920940
875523
288054
874526
502159
910689
487870
368528
752001
613611
480044
391280
459763
502604
880532
809010
880101
846667
388096
950252
934993
589077
447085
615038
533234
868976
680005
442387
127924
491514
686511
978560
186216
827887
601379
235193
751030
950485
934606
614125
276533
824515
360984
925641
574191
506672
871458
535716
761918
248858
386965
423570
454092
332805
620883
482933
553226
306895
723964
939398
155531
410720
653822
428544
171185
403157
199141
428898
706086
244769
285465
146493
842490
237028
651531
438958
179008
172245
381415
548568
560888
733004
226849
773413
539909
363872
634885
603235
211536
193578
998166
353029
555394
489413
148915
379884
690191
161143
718454
545496
274589
149973
750435
782498
684391
676675
819655
298204
787893
801739
455816
933994
433983
662898
865601
227020
227459
430847
762567
187736
453389
207658
824360
753956
344095
821848
539269
358298
464168
210526
468940
328992
887317
371604
303028
181659
675098
452109
996418
241772
299433
813248
917233
178665
958619
178799
491889
754242
195145
434946
129726
946706
288010
807476
345455
187758
732926
804182
900899
992465
238847
182890
235971
378994
165340
688692
599721
981491
751074
938329
975290
443487
830084
914985
391147
319929
947921
561309
772235
200127
218929
992153
539228
837089
331544
476050
620540
561295
958081
332969
615926
659971
860084
737781
475113
750405
379054
621775
153987
416953
564797
393006
964655
992669
527532
244560
796129
248913
100082
350356
411400
707432
553903
942016
117071
495262
634633
177430
732712
837346
745175
265993
847959
773799
478305
369566
667295
433293
372249
647804
110339
617783
541478
561826
763312
438508
442694
199312
363156
548481
807918
192391
100219
436389
401912
468043
256142
218143
733089
267403
277474
572546
251703
823438
490806
199146
238596
190464
109072
213636
368723
448595
739903
691968
966666
619230
483102
757800
111338
853840
176135
430485
360967
264314
193349
177179
263658
905580
343973
738187
558451
847399
341109
432901
298338
296951
938774
952968
140406
577888
563621
308525
227133
637768
322064
533724
775199
997489
707530
324251
273381
805493
999380
643598
830363
787597
414386
309543
606615
228392
645610
915087
728802
917021
256150
317579
164969
948367
530013
272460
349368
328678
611398
568282
486278
131519
991222
452384
788705
531231
785581
867322
388633
123719
581549
546039
301863
872648
982364
149923
363577
252743
546786
146455
177324
756056
572807
527024
668310
774992
103520
323604
282908
319969
569121
827199
806597
546979
718773
199899
215141
505924
341218
649138
959445
475817
440967
953097
511431
176729
961181
767875
150419
187426
396277
260296
821237
464940
734535
198751
885709
192984
467682
305712
585621
864204
528693
873626
162700
556902
769082
832882
805741
616918
431918
669518
415343
638257
918042
348298
764050
543069
873724
568630
731414
774247
164601
668214
196372
703474
430996
629389
527959
954539
848967
525661
341153
556591
857948
719295
505641
685863
502793
954833
178717
692153
300454
315715
866758
369609
647494
988323
286559
359615
592150
199118
409317
360656
157176
592749
440139
570735
183566
159821
642519
581475
276640
675886
238404
259847
461587
756130
705756
182923
980279
176197
181777
875801
185942
373009
125061
133944
686083
930259
257918
186387
392764
503424
874775
225976
295051
844890
448104
587162
642127
234114
849641
333627
258670
787232
688352
556090
881446
894478
641075
120409
507021
341509
596890
812849
722638
854900
251380
153111
601095
789314
364637
336712
610410
650395
920006
502486
796091
289398
602428
638975
580533
305451
795042
938974
757636
447329
297892
131500
141674
661798
346404
816690
912896
812693
334515
819472
926299
827649
793582
447666
879030
273354
854161
879596
302681
221289
445358
957598
796241
969199
394368
231432
221013
923974
483201
345610
495115
414134
485352
612527
587383
261815
994314
362992
713995
407571
275309
881108
622813
403452
296925
766164
488510
206429
993480
830696
910881
355380
899335
341135
263881
199561
175194
510597
293448
405362
215602
373299
427267
494415
450152
977292
178633
993613
615590
247082
927214
823258
614134
862111
809384
345218
387710
530146
954809
932236
663943
391030
470656
827354
828513
908992
359596
547919
573354
609245
340957
546179
666919
476995
340625
727237
833260
980644
794608
612312
310819
770634
715345
940090
884133
349323
400659
838141
287580
394037
747772
698375
266876
669485
842443
637673
313173
595080
516707
659143
698360
522521
837915
812480
174622
886802
683322
760106
183992
958648
801670
222406
472553
558795
171486
980523
621105
160334
231552
340934
666901
585509
168199
209516
605422
259291
788681
834464
142356
158368
845113
797334
803454
933512
769841
193379
549514
169879
475099
301910
298954
351243
671724
606474
897407
973503
771620
797055
379578
653146
815930
147060
833761
900199
539022
818807
897152
880288
650002
153691
231797
949064
809861
672512
394391
941412
173275
111892
393369
612110
189402
817859
484165
816242
485587
839832
882410
648408
101788
869533
400093
482863
749203
464331
563935
533996
280519
336476
651870
117115
731886
324256
358912
545126
901216
132725
743106
488756
860107
718003
892281
963499
765602
879683
762682
628413
571968
858580
831982
308366
735674
102226
758449
945181
853615
797658
469761
505370
747029
971230
885540
422162
778252
482966
228616
137761
638804
769692
142331
691727
107316
418094
881036
965036
504470
158336
130362
922414
919656
909482
501842
713923
535878
561313
338276
512304
611063
109241
321541
288160
913861
259202
298388
829679
722852
101218
277553
989174
649916
274984
450181
166775
910529
534091
883249
322525
430477
171130
497697
487523
701292
950555
922846
266623
663409
299502
172327
801061
935012
821125
943213
352463
115277
647508
775361
208198
811112
332886
809278
122533
556698
729656
816865
699864
814687
931688
444930
226189
597540
198932
712524
435856
779906
495685
617773
904603
426425
189557
212751
278882
284784
600178
180410
594455
600144
608102
307969
795267
996875
411870
287206
918689
184064
657847
990207
883380
622010
346657
879704
236976
400591
436640
821251
877208
585510
546110
310483
885314
381701
117915
410525
495226
526183
485787
547765
598441
872750
547182
113950
124124
676694
632815
234872
967400
401416
968318
294684
681296
516555
585432
321141
877523
134821
972172
610995
466469
303685
647091
299457
871304
922174
417411
432672
681112
400416
383154
151937
314721
838682
425453
422429
117209
445311
152807
152694
466293
559651
746711
133615
506972
242448
634168
804230
497933
579325
931533
257374
312446
910563
326837
961617
315568
468178
859699
572485
730182
441961
539086
279614
794172
921347
634609
737501
534021
686631
803975
575060
574808
800424
323617
691214
693650
125311
500403
788317
399484
757840
127265
275274
804087
702854
457729
991864
715958
563348
175432
236476
975039
527658
654333
642774
646191
519016
162785
983968
480355
526879
782107
999978
669323
837508
379678
962962
515306
202193
192019
479366
310892
994585
680541
263407
123684
720659
657397
700825
446475
721173
555864
977945
843235
598231
882894
249722
778708
537178
635430
816047
566784
504392
615740
814133
875177
323836
184784
917527
312174
868293
302263
649489
264906
865172
911721
202331
986630
610192
952487
567499
331904
545827
604091
278523
875646
107115
431589
614615
182220
385486
303136
687682
360561
323887
307482
491257
576225
609596
543465
714954
536325
329356
161485
800835
826270
309589
134947
862734
903430
215238
554021
823632
665935
971631
667533
228035
375314
441588
756982
995967
548311
507615
706319
594405
242532
235974
653355
198138
632108
627021
128495
696953
101774
308207
156968
589363
356043
345601
239730
254991
131508
954304
484205
926774
834825
289165
650342
304336
736731
140030
501207
939619
883504
546610
227212
995349
837269
506614
348992
394171
428179
418060
574696
552214
490284
551328
283690
756586
308930
191514
411726
830831
411466
399209
757161
426380
684115
287329
872334
917737
429385
805972
848634
536540
974891
787221
593652
601375
478820
794214
254322
553299
268427
429034
510426
366509
966099
788277
554275
594971
430460
432668
575104
335068
673380
672812
316722
220069
564227
885173
942353
670521
914697
624738
394760
664958
563218
430813
204176
113022
911681
316448
955279
233989
742689
330642
886040
916562
627772
302204
350133
874094
995947
110809
876722
675645
568818
342614
257238
247064
231803
543518
585563
422779
800694
958391
499627
626802
669580
349099
155119
850576
962863
240509
276993
239725
997472
333558
284880
747797
223144
669933
832717
298582
444033
220205
531629
119511
342745
486248
943404
282094
646127
651214
129121
383341
522511
924384
636578
793015
482708
194784
105092
100005
967280
392449
163534
278489
101831
915986
290285
539548
832071
206289
729554
916679
143455
607721
338190
426607
176500
639417
703046
251141
154388
677555
716515
657877
622268
505232
235621
963062
190392
599787
157218
620135
477699
942801
718973
554134
953633
502147
500812
182573
874062
375536
912058
152528
142469
122494
481048
999922
264887
102103
381957
911005
552877
947928
290106
325715
653888
227945
919777
490727
794258
148221
693306
835742
621632
775543
266843
822723
308936
634504
592185
851622
291893
350690
274385
879738
472778
533282
965677
250121
519732
238732
376081
122293
942886
795363
623665
996488
544153
722023
400959
650222
777027
108608
747702
989223
526306
372471
917743
696055
337380
143383
774171
789432
792832
945239
525889
689734
764047
453740
478413
763560
387122
554993
795897
942026
429694
662773
444032
549197
406761
625334
218374
498554
506139
272137
799978
944559
694575
430357
679620
244890
722720
987244
747968
455014
246447
572037
968823
258027
545397
901487
586093
235658
896968
731431
939998
613177
443915
148869
528583
676106
265797
254807
743159
894605
111828
304941
573634
593982
787288
139186
720714
530830
431775
871956
425025
862507
267199
214448
550878
133744
230073
174116
199663
988562
729125
243235
278844
246740
303530
330830
915835
840179
982192
232002
402414
336283
557341
857707
411093
285557
814605
210907
933171
205730
667173
718043
646825
731615
615093
215004
610754
275012
682654
779307
596225
932429
830689
633520
628100
820057
344298
466386
163223
320920
912762
938197
471855
854135
925353
806496
831199
408978
127918
640571
670298
238945
309661
848295
756729
268377
109910
165867
716164
828078
739127
370959
248871
621446
102906
190797
953847
897890
301334
475752
367330
362891
241444
571424
404705
699751
120301
114995
206561
303288
115069
984946
216143
921037
758253
678115
677259
536774
964082
546838
129704
145355
668609
804254
507496
258233
965326
862801
460928
326922
850883
254562
147748
910798
529273
177442
319878
683618
576791
854320
491067
359075
324457
634764
384824
369563
682208
692382
351553
210002
695306
108413
278117
433766
665899
708482
204049
368531
439749
814512
835725
971287
452413
190786
850069
647852
958159
322284
637071
947319
129669
567151
994459
441834
263789
924267
318914
581529
937619
511436
328304
486001
414588
572507
693921
350925
970984
210767
906183
698800
334414
665069
106463
940731
474045
855623
629384
166467
514930
520017
839585
788715
104526
831967
372883
184664
912105
546258
388561
555908
299227
767231
609534
304314
266024
815420
110377
240291
361260
254433
835661
143829
138132
850312
443772
701852
396632
287816
928778
105029
667480
993048
642045
151952
353725
368986
719989
450564
351570
421917
439640
665912
681244
986464
819159
492211
680430
681868
957969
675174
329115
436837
657131
397694
583945
293986
718635
616895
462480
878894
995895
429723
404288
104940
908686
703200
795101
444098
833003
489604
435741
405219
379768
501856
401604
129058
261320
278278
481516
549869
161640
594035
890572
966877
548784
471448
873321
449061
821467
929357
719584
329526
848400
901321
713102
551685
625816
193421
936162
966684
707247
471547
571366
978326
986922
321752
169142
786136
980078
201767
263049
915938
516769
186789
537840
288838
461796
792451
890403
541262
475131
878178
180870
852615
691699
335609
814202
773506
628134
521307
401885
361189
905498
695725
165584
394711
287884
723929
835257
906475
418123
270600
614722
924000
857869
783105
696626
229471
814476
774256
606370
405052
153965
573121
325636
738009
448050
450268
893384
566914
875489
100036
512662
822969
719261
400293
791992
361731
407514
911127
622354
312047
927574
196586
618807
284742
478048
423704
479304
331781
529893
897585
128988
245989
788840
824449
361910
104195
282240
946914
480228
234331
676611
737655
439474
938000
610471
702037
313157
231581
962997
952823
470968
791449
155574
196968
769719
593033
369205
252204
306939
139068
492857
556155
975701
363839
424883
485474
912782
640392
101170
533565
637273
689143
592490
155998
211955
872919
446302
104334
686385
492024
313979
229320
802254
446164
310715
509108
275193
733023
637749
287611
658962
720244
178134
534041
701961
944461
577459
996008
645005
352110
245283
739429
212448
466798
616305
473869
349395
685137
762627
676201
660940
811653
877784
917853
316493
616626
789584
156757
365324
444685
322121
770047
190129
569875
676287
396502
619845
187450
630019
189260
614444
701192
161439
974141
150047
170395
882575
649685
466706
593881
857865
542027
578303
345935
145544
743538
697755
452627
521404
541752
914540
777191
105707
567421
223299
199729
751478
344042
628914
168403
804278
641494
909600
815320
199903
927344
373099
988626
636453
260015
565235
421458
505677
932985
722038
549977
384571
679387
226644
178321
580194
711429
411296
272792
871470
574323
182624
803500
366018
432149
730218
735305
908263
929353
120520
212157
441072
956611
414922
908361
119876
535390
911828
769478
871218
392747
998496
103685
220686
235306
120165
283540
186887
199021
154238
136968
336530
239877
686187
839229
604842
950758
493111
752548
594851
632563
599839
564230
243300
194125
660898
884726
907257
988649
159468
439253
482988
818730
406978
615545
500052
600551
543983
907922
226575
826841
938755
300453
463237
365483
843661
487571
949623
466358
872162
565752
130819
131440
640140
467619
248878
512862
248325
492501
741750
309355
280587
737754
509125
740439
686482
650873
952441
454976
704239
924321
781885
848016
729746
416265
863128
298471
253823
187692
155560
233341
605355
707095
237988
348156
292199
618107
850961
811659
430134
501352
522565
153558
753824
584660
320136
963597
843281
700636
848159
945322
451883
558710
305424
951473
261335
220639
630757
881336
250548
555768
728726
325679
366895
371982
967161
128069
305479
712439
936267
290449
433025
295676
415883
339516
228745
912275
218756
478193
513802
995742
273388
179274
855845
842192
821844
369300
903003
618131
145040
391071
253722
583702
587400
729836
630497
294755
978538
901568
693001
194475
581023
577428
562167
395852
253416
156763
747840
738412
498148
360799
634211
987761
572929
351045
174780
316404
252970
461537
941750
192224
724009
896967
468803
299099
212538
650020
782447
339333
115505
619118
786431
526994
471037
421544
406283
431718
127454
178324
580197
841106
474842
712529
582894
620018
387271
479435
550653
621233
514406
781119
100791
906885
318709
169740
510569
968399
276567
495768
654736
329470
330175
833788
747309
101491
154593
149506
444552
260501
667461
766455
563817
238249
488732
678173
601868
210260
430668
598539
459341
316905
525472
410120
196466
476991
792385
772037
581541
286495
337267
928874
411320
879324
279606
331460
310247
468166
129749
622892
302328
814337
549813
718119
760545
911758
626886
713365
828089
227823
423454
534542
916067
897459
631118
636057
117183
839322
666364
806971
450881
637084
756798
619065
338204
919320
351537
315928
193094
769693
500082
764007
387569
814877
474414
542673
148326
588172
857783
782471
105900
541702
699399
520018
214798
545453
496256
394516
740432
191477
162432
742350
518522
726658
360394
661045
945917
778046
860541
574254
512972
160167
588514
629210
556143
763375
695243
128492
281102
918086
282211
546139
555378
529685
936645
687382
341736
555390
866514
334456
888939
299375
711422
359799
958659
139121
418906
325148
421785
676341
711656
818975
640930
737583
465318
678972
938409
918061
762499
450693
272648
518633
686504
831599
155028
363595
651149
765780
704736
711390
882299
884180
446698
924876
762092
439808
732076
936760
518325
243627
245984
532693
975262
263082
538565
767480
272510
106667
874804
221603
180319
775498
702592
924150
204655
845617
163959
345448
586971
159663
269454
164586
444371
897114
353950
922467
802109
125538
964893
938539
847589
282932
194215
311216
412754
646914
957221
472640
747264
979345
145077
285521
901048
443993
845866
156256
975263
914219
421244
693585
418887
945529
258784
899746
154130
262812
497154
671267
414354
703675
215323
820676
337129
789872
154464
708947
500380
394981
868072
331319
941759
193970
895090
213432
941256
498791
946447
773489
980937
787631
574658
182959
950215
258383
256609
292218
472172
868958
211355
476830
481917
589683
579509
826994
409304
714524
877308
774203
158676
533860
238814
591563
184603
215628
780285
429092
805343
520471
637472
759364
744103
881452
509046
474421
560900
574237
686151
602029
688508
171927
898322
688549
812811
573722
465300
142528
493531
713868
215786
678703
148378
322343
399092
638181
778873
855178
743264
227477
832830
212669
344931
588921
960490
884185
757010
645096
732811
142719
389415
149752
435020
755501
347827
155493
216537
470887
609584
472878
752896
384170
745298
445165
459307
293731
615985
987336
539680
806593
348763
959901
428655
950039
249340
134513
607604
448966
667644
993212
738862
806140
561964
396711
464890
495412
434955
104300
643568
165390
786004
213434
836325
698976
380781
754626
587414
521283
320636
646204
415926
618081
355692
462519
566227
552085
738053
728284
540065
153414
950091
711002
353166
765213
988012
572930
822193
632773
612425
276683
846427
780296
544596
471003
145435
669396
695458
629327
464302
638415
477674
793068
992494
733057
214517
370976
487977
198018
972892
250538
840630
157425
442297
637928
214045
541760
984329
370120
517643
578298
349383
618994
134578
882367
847339
852426
821904
755773
990979
400887
645063
512801
990460
792554
711162
614509
796043
985603
939820
583592
632450
834367
330754
203714
264758
991968
279788
461180
568007
960955
798171
884650
388589
528323
567275
822793
582379
832594
603679
827507
452357
544907
504211
613237
404670
181894
448235
219478
992702
450771
856667
561621
180096
704057
106307
589572
370950
421820
620213
977451
244252
216856
110029
628903
847644
198761
926202
630099
151729
694704
715052
442560
880042
871307
718697
922654
206521
725395
308055
567492
709189
668493
319657
565854
525158
728638
780231
434315
520794
749709
361724
799206
220677
653072
217389
901681
621896
794854
937425
906903
616944
728858
352718
383240
505328
862314
139960
496050
510192
345281
721719
431760
299498
380455
693749
576748
252961
314005
622679
907551
678922
868448
308878
766708
373382
917691
851560
615884
624777
741965
747052
564306
325121
718844
831980
936348
208907
511461
517006
780990
218074
783754
154510
790385
724254
459125
983086
901694
690321
965019
657515
469296
363231
777672
973303
651497
732889
879464
467417
640375
106928
129638
790948
160160
671707
346084
254518
103828
714268
515329
113456
217164
422818
483862
537359
354227
928329
628196
999547
212348
782092
543003
726135
501436
166401
181662
859342
793211
182771
366704
142876
590532
889205
487332
123706
416363
441798
314623
483144
274577
727320
438940
906944
932379
243796
290374
128542
535502
337266
291483
444850
561851
373545
734722
983985
337936
554088
984396
419739
414583
829700
651655
275217
861047
536765
750419
587635
226713
435280
282849
120216
801026
114281
692757
936933
523641
101420
213334
992026
228976
630849
728571
113044
423351
395067
835833
342394
208408
497550
828205
837603
845951
952778
428817
347425
366281
297070
565448
517038
695083
853403
106202
299508
144998
623176
734614
500612
198636
976947
601271
870882
238353
686389
695817
511804
771241
666611
295549
860206
244679
869604
647239
470686
628383
939926
314225
445087
959858
669487
554570
498008
732010
524594
917420
805506
780071
375700
683062
744106
850933
616931
927238
573688
724645
518017
970561
861579
597595
333121
533303
925002
640718
371107
719633
632022
921933
678746
707030
102466
524687
870603
222814
774352
834618
977054
977118
590506
980970
212833
375466
546941
158706
526372
358501
746080
735906
166162
123401
854840
467946
284814
570011
945417
808068
202116
395422
647621
369324
440542
801719
521142
410022
221803
548649
232784
531821
857389
196889
939591
461413
801036
816297
251640
227642
643952
562560
221818
786475
195797
358581
343320
246667
719758
110574
593839
537882
757428
475192
124189
303942
395508
292263
409264
933225
465221
937108
352103
448537
509581
879472
482686
335163
468793
163573
236100
500624
816462
454306
520437
576394
393262
337305
311870
439148
562506
262373
698243
250587
705488
172957
617436
958265
703915
261735
449954
710343
186382
695082
346537
199014
371972
956977
858636
146456
416067
662655
835613
584188
314577
302058
815845
936798
926624
148996
342302
467904
664197
461170
105080
176298
350716
661558
717515
999240
527796
848277
654971
469411
332062
297583
211104
587558
114467
110185
944826
990609
105471
708636
784115
865507
950310
523656
671179
254045
697907
687733
331476
997873
433216
947003
908339
470857
664163
146060
268148
949806
585573
319383
156599
459052
347138
165374
831771
545051
606095
880793
823295
726642
980431
314034
665037
349488
742242
721894
729875
228651
137085
538958
205697
826013
422378
564814
976861
945785
867274
780795
786340
355009
592256
220905
989042
399647
503800
732715
704506
581407
194670
536809
382858
779644
393032
589361
874233
461663
830734
260342
601171
266477
442378
584814
978243
627240
883320
659492
669666
845944
952771
575711
855004
549784
538556
396120
823428
172292
842592
379675
290951
530040
851251
617249
629034
384417
566293
564680
310330
635486
243787
332967
439383
846343
268878
704629
280369
830108
474018
529975
748716
538030
807641
918319
514643
478175
116998
162781
356087
946179
539942
326288
676161
864380
447246
763672
565279
722976
845064
845548
703112
784582
768938
570545
502311
573529
736162
677453
962325
362059
346798
926095
718854
988465
322068
308268
618575
389946
217036
100035
721862
271238
662937
401822
172907
385092
802226
721018
736279
548392
573827
352269
889057
202312
879343
345208
131554
979438
567391
737068
337729
973112
311802
637081
799865
362383
230412
670830
492785
482611
475540
103473
627434
129297
322603
526083
503864
645422
713071
524152
778502
254067
246778
972734
339169
282214
913002
225900
983863
765122
821079
568578
349837
894146
895365
649678
181674
502195
487778
851479
230865
845069
199020
626328
210659
475082
785389
566648
359848
497197
720106
294250
423734
586518
869277
864190
492989
447206
126672
419002
129043
496163
379162
698739
108647
410419
140808
126313
538360
568882
298624
235359
307522
814071
559721
244012
233838
805193
245623
359538
700367
768839
799361
433797
265926
954274
479446
357358
988229
284113
243417
233002
431395
198560
127342
126420
570338
148117
316875
540703
906031
198938
450396
582658
956490
229049
875098
284222
909923
823444
976054
538507
652734
757028
736680
863855
416199
800390
646871
872477
399386
666636
829420
564896
213343
683084
627127
962869
535779
132732
953021
151951
487693
976045
468242
173196
803984
121930
198235
128476
746010
425806
624199
675593
456852
552064
908154
249862
326383
662386
998128
506681
189882
749452
956264
418280
972763
507086
782855
325597
705718
873589
670109
563311
288613
309588
248544
592296
726098
792229
283529
908134
924316
268093
766619
639444
677871
174258
584376
437792
520287
621638
227751
690668
913283
211277
559637
437549
486332
303200
986240
172320
339667
573779
919695
716215
792520
872658
970367
573581
588009
526965
964447
354007
542226
359094
574690
121653
416699
940660
277209
892736
450167
272955
664654
459167
235339
677908
718610
713523
789574
128264
748878
509792
203031
355641
657231
987886
606361
813777
389064
877416
375238
237889
212454
241963
475965
806247
480679
465926
409969
729151
861413
489556
794776
354017
158822
616080
951269
269611
498526
391075
396162
979496
703444
204918
442419
498376
434332
632725
611788
245524
768972
537036
842256
211468
544837
387140
305748
764347
565954
232884
248145
292474
612955
426918
813530
277270
429880
363749
292531
980775
373804
668850
287318
457529
849228
116700
778010
935707
787684
134795
654928
987535
855273
272815
532252
929038
806950
934125
242668
563149
420713
917094
343327
485763
728370
116426
293201
773198
203080
689188
411313
561685
439597
723970
444185
481897
166376
293551
717811
398174
922963
454119
462769
427160
666249
848425
569566
890047
305511
994963
404871
216652
480312
409094
947895
723980
985555
425985
732162
304854
172592
798781
879611
223388
416694
491853
417095
835419
723505
490558
414253
353399
999217
600884
566906
516036
663559
770148
734793
241791
636355
173438
298359
798803
596811
683290
383157
335685
137697
557240
755633
282542
397208
966952
348991
608428
277773
293354
715575
868842
100007
588359
457426
894908
208163
165737
258495
828239
140969
542595
883424
795909
846779
852767
227066
639295
689708
606186
148356
795494
831103
899544
502758
594324
472236
512257
481735
802216
131116
197247
762380
319811
880437
703995
793561
314403
170439
745270
300293
101416
793007
106262
899834
197828
503048
199137
300877
840099
289037
411125
718179
687706
733489
445062
648542
398634
661626
146633
451853
679973
333216
138843
988372
520983
246285
286981
497484
756921
604311
228973
223886
208625
437602
351123
223948
382648
535258
716390
935131
624824
365982
778029
548027
537853
598897
729699
424479
897970
609478
426346
409472
190731
453729
921733
818764
528805
101497
902965
724557
834212
877853
282674
274277
414379
628033
882383
520504
440613
559338
132030
304988
785983
323066
526546
909372
651555
987297
263698
716128
512648
468364
814843
857530
765964
896267
128130
297244
490550
373549
786116
831899
304994
467778
989177
750088
276331
619373
110421
100247
411800
556328
647894
998897
576676
614468
131203
214032
666775
224206
505732
348035
861822
150523
689252
841862
511207
362366
977893
894544
869109
965762
642853
603035
531817
414816
793119
589639
442116
391246
837302
806780
816954
279107
889945
732248
640682
591542
683108
911537
326532
993642
281462
187182
857447
562401
416866
772956
990706
518500
192932
833894
818633
614580
507753
599319
349010
232009
598186
613447
913580
196313
321679
272182
415959
609397
721311
614484
400940
714270
877054
710862
888666
367108
626545
847897
593547
643044
798319
599926
265239
407675
972332
936421
544722
652555
135698
658664
802441
312499
327760
409152
864452
121750
916831
881222
751412
649672
481475
611613
391097
757361
748862
163857
382598
438662
518777
177948
140621
985063
476363
563009
217093
594755
187795
309883
269187
884714
578692
720112
154219
868655
527826
716672
487757
312258
140197
382555
992995
436036
563211
959997
279188
742105
594582
332955
537676
527502
771575
852967
400224
890602
926211
195442
495575
872690
504680
642029
377505
926901
997494
340041
594391
273839
596748
881945
557776
405166
211860
861722
355293
975907
562740
410130
511870
249735
320953
191318
225271
430330
325661
386705
885231
867017
943267
933093
116150
456979
985009
954487
514241
460268
521312
353965
960947
879555
309859
691384
742254
686297
589644
726430
278774
768042
238994
630693
142341
783303
137279
249193
103436
207036
588561
278254
665860
701469
942375
967810
388753
713330
184282
111215
600385
686864
947816
569936
253317
649865
192035
930706
966315
198178
425085
381211
126861
605039
891184
102699
967489
294433
528435
121475
338319
147385
127037
592680
545283
804720
255324
792309
833005
821220
845377
404618
254260
371261
570783
901438
700228
237311
679880
859208
883286
812068
399593
834029
259198
325329
247548
641976
855630
446907
513038
182383
463333
908806
244374
803944
852807
573022
186410
631433
377083
658627
777882
589663
533706
680833
958959
394593
752839
579881
523313
510714
246190
677521
250562
398069
235285
347199
532269
812054
608574
733495
912983
475501
444979
246586
226238
378217
472159
441637
738304
677260
642100
730236
982435
327455
495403
692775
141192
863546
838111
975460
143439
386550
986974
682979
545630
204801
493775
345284
318718
878841
894102
884674
130940
782076
770996
642185
789708
680221
517437
651605
239558
937910
847631
713235
270666
631882
698013
230009
977798
882920
129106
566611
315818
437906
884871
569477
839088
864523
224330
305722
467374
594549
208001
371531
198573
341482
799312
239524
794007
981011
202700
146743
874580
142052
752492
164475
995229
582024
342935
304747
182659
773617
242582
308713
354496
720760
257161
343640
920627
254110
833827
354554
945234
919799
459391
838868
251598
436588
818113
289065
516904
435512
164785
220706
185097
826059
693043
402056
507610
787363
599144
700884
700417
887620
841837
139938
831770
119590
944140
837313
771681
813985
507921
192170
426172
415998
445741
466089
307705
887623
292444
876849
576716
942980
408845
255640
371327
908025
958895
119491
293909
559716
976850
468976
571412
200061
199257
641826
722169
467819
560572
209569
448658
608934
609140
693802
205450
123376
784686
245464
895239
473018
551099
195009
683361
848097
731096
883706
628488
165571
558576
116007
522967
244931
188974
543946
294628
494477
417826
414958
495250
244185
442578
228924
866172
438864
174340
295364
446710
843401
538181
248222
320892
619366
599018
904060
355682
968598
388680
660554
258681
747033
772346
350125
105949
563779
118363
145090
460484
875316
133915
825747
179929
229733
590910
713225
352810
149330
607160
607495
425887
395365
980220
625355
944566
802130
743902
932121
774424
280985
326768
174158
584189
217925
385796
360361
713514
767570
635308
558442
283744
233913
752787
791512
277725
444044
347391
810308
322331
134929
292626
633455
841279
785322
489075
438205
387335
565380
845863
892875
959006
399436
223597
564426
637053
129770
958951
665220
791581
706266
457003
150474
603217
119952
392750
891276
626752
879933
574713
478060
529999
832288
717934
595846
628308
515378
769728
811776
526904
903680
333936
992414
692281
770763
581663
846187
687241
230948
983824
104663
898084
267296
214383
199122
351732
153279
103782
436983
803247
800511
337594
357942
764372
525887
919007
630654
930787
902638
893587
715542
551455
851588
975825
989365
409447
821494
445056
129662
499394
255218
336610
794332
508711
793583
939737
476820
459057
219968
672711
702757
682409
615217
437172
569434
767827
612352
597091
678483
836180
846571
686875
951399
808963
952493
560794
379305
482454
857033
670210
950362
235214
988090
891437
936103
712275
137444
139143
959219
398877
882142
225280
998504
165419
475726
219820
835347
881130
763483
463350
553039
425864
187192
448394
558205
970252
410682
775119
841250
950013
909317
804865
835387
363255
475169
618287
852289
458343
712693
473604
710964
222612
700790
317237
352846
988721
357121
586036
906517
710072
821723
506329
231398
995012
638922
166343
596665
891711
295072
776565
354344
807087
728424
626684
804729
962426
378993
445124
460385
108064
377675
743939
697934
275713
784770
169594
296769
145444
390559
670344
333930
700194
150798
486540
511975
752736
715743
471567
980562
599037
517645
492210
125021
832025
979548
318238
315529
396921
147626
590195
668680
275068
351373
982161
171049
790102
266141
987026
895460
702051
498571
854661
685172
837782
135776
960575
339961
431527
833796
410278
883369
310618
959564
974825
226768
363602
928259
821432
840547
642154
219537
891021
273487
287628
969286
709849
512687
950169
310563
290215
735839
623925
677504
682003
219086
376783
775180
388568
328538
781281
347822
372594
115766
660075
254976
850155
728067
539119
254247
411944
862408
557188
492798
726800
826928
762544
496589
611318
824972
559760
527314
218388
233649
646258
239298
753085
500954
918088
781841
952360
117664
992628
539885
769112
690018
756702
497265
153143
389740
216782
488302
764071
457661
288004
897747
562005
323239
959114
831939
126215
545185
204356
169532
759624
635429
233556
594733
118413
459242
978116
631561
804519
667170
291362
983194
265927
307250
225858
581765
373736
541251
403353
464397
128655
820487
686138
504859
268650
121127
167978
859810
574938
651216
803826
707173
536762
480805
146688
509695
224823
499247
509421
992686
845163
931642
173566
870485
100535
838150
552421
694857
247201
577856
120026
490080
846170
179130
982876
131475
111127
751541
817672
644830
294020
126149
619356
832887
789005
163304
778831
240246
102897
783783
158082
432780
193691
205518
765088
612478
570406
290621
237401
654535
239284
590287
890420
179811
439278
634323
450795
242974
743312
434731
811169
442397
137177
377154
768853
812606
314080
714403
339539
385322
120455
675635
487416
818071
695983
167907
936044
934482
359651
106603
722130
121864
272712
596411
123320
535367
386911
941394
436799
970934
272665
742216
559084
298382
175818
436308
904312
693171
225167
645519
416604
698078
174117
319629
580797
265403
367143
890612
341216
455933
613630
466093
445745
355290
772424
696228
706565
940567
564492
416001
815540
700934
965458
390627
463573
153266
275510
189908
490041
889070
390544
589529
106264
141942
574337
951859
356680
499220
610373
935941
229722
175165
780518
613856
636188
549709
620927
255452
682760
825196
553445
649913
258214
117025
468028
509182
840969
963057
755307
724785
297477
256781
869172
716562
367368
336846
636979
269744
966663
398165
189598
721888
442103
319029
386432
121908
380799
741976
244080
859607
238993
630692
522744
995835
336216
158171
850343
438296
331086
984627
692788
677527
262801
588369
690109
927680
169786
866772
677537
535101
490287